50
Lavada Moore;535-7586;dickens.alvah@yahoo.com;97666 Ebert Oval Apt. 947, Ryleytown, DC 94174-3817
Schuyler Smith;927-3843;heaney.lenna@hotmail.com;327 Bogan Views, Port Casimer, MN 70841
Favian Hoeger;850-8495;dayana.kutch@gmail.com;09398 Rasheed Creek, Runolfsdottirberg, IN 50526
Judy Jenkins;376-5756;tillman97@yahoo.com;6093 Jenkins River Suite 534, West Selina, AE 60609-7255
Kianna O'Reilly;732-1824;eva.grant@yahoo.com;54435 Roob Meadow, Kingville, GU 01754
Ludwig DuBuque;495-7724;linda.buckridge@gmail.com;51013 Orrin Stream Suite 163, West Isai, AR 07722
Juliana Macejkovic;851-1049;dkessler@gmail.com;057 Howell Inlet, Eichmannchester, MI 02544
Friedrich Herman;068-8258;rossie75@yahoo.com;3563 Angelica Squares, South Christelleborough, MD 49741-5700
Connor Johns;222-8437;eschultz@yahoo.com;87037 Winona Junctions Suite 537, West Rebamouth, WI 01054
Arden Fritsch;664-6982;eloisa43@hotmail.com;0827 Swift Oval, Lake Mathias, RI 50557-4031
Ansel Volkman;959-4313;christy.ritchie@yahoo.com;7483 Angeline Pine, Sanfordhaven, ME 00823
Bernadine Zulauf;457-1063;quinn70@yahoo.com;920 Jennyfer Fields, Katlynnview, NE 77930
Kim Hilpert;853-9757;kennith.lynch@yahoo.com;137 Rice Island Apt. 951, Victorberg, WA 96969-5091
Talia Pagac;373-3971;armstrong.cindy@gmail.com;37994 Fredrick Branch Suite 160, East Uriel, SC 06543-6245
Carley Rosenbaum;488-3116;norbert.roob@yahoo.com;97709 Kling Isle, North Allison, MI 75420-2203
Mya Green;269-5778;nolan.mayra@gmail.com;60554 Beryl Crescent, Hudsonfort, CT 58155
Dedric Rosenbaum;712-4966;zfeil@hotmail.com;036 Oren Plaza Suite 637, West Augustusberg, TN 84679-3746
Syble Murray;694-5549;hand.furman@hotmail.com;189 Klocko Knoll Apt. 857, East Idatown, ND 53360
Mitchell Berge;708-2589;christiansen.olga@yahoo.com;92486 Swift Spurs Apt. 076, Barrowsburgh, AE 25712
Sanford Senger;020-9543;bfriesen@yahoo.com;3155 Wiegand Turnpike Apt. 258, South Vivaberg, KS 87848-8021
Neoma Kling;097-9312;lharris@hotmail.com;7169 Jarrett Mission Apt. 856, Lake Rene, CA 12094
Shirley Brakus;432-6148;rempel.ardella@hotmail.com;853 Schuster Trace, Wilmaville, AR 76276-0443
Petra Jast;226-0090;lsatterfield@gmail.com;019 Joany Locks, North Lorenzaton, NV 67210-3447
Elva Stark;059-4624;padberg.hal@hotmail.com;32075 Alison Tunnel Apt. 031, Marvinshire, KY 45826
Lenna Vandervort;039-6642;elton.goodwin@yahoo.com;66779 Ronny Union Apt. 196, Hoegerville, TN 63293
Sally Feest;195-7826;valentine.doyle@hotmail.com;3346 Wilderman Haven, New Robyn, CT 44655-7020
Carmel Goldner;480-1874;little.edd@gmail.com;2321 Aditya Island Apt. 264, New Annie, PA 47092-2968
Coralie Altenwerth;814-6662;noemie.cruickshank@yahoo.com;103 Marc Points Suite 858, Stehrview, NV 05449-3756
Kariane Dicki;107-6497;shawn.olson@hotmail.com;515 Carolyn Roads Suite 448, Lambertmouth, DE 19999-2880
Vita Adams;185-0178;qreynolds@gmail.com;14567 Labadie Throughway, Marilyneport, SC 95171
Lenna Trantow;362-3691;huels.caleigh@hotmail.com;9777 Reynold Mountains, Rodgermouth, FL 92740
Ashtyn Stanton;915-9593;lourdes96@gmail.com;908 Marianna Ridges, Jadonside, NV 28879
Anna Hilpert;985-8930;conn.hubert@gmail.com;52922 Haskell Estates Suite 763, Mohrton, MN 95936
Adella Jast;227-5214;odie.hauck@gmail.com;3389 Kassandra Well Apt. 156, Rohanbury, UT 93585
Kaylee Fritsch;359-1115;harry.hermiston@hotmail.com;88426 Kirlin Loop, Guiseppemouth, AR 14398-2823
Rickie Hahn;401-3032;koepp.laney@yahoo.com;70604 Micheal Inlet, West Cyrus, MO 03016-5965
Toby Dietrich;091-2864;feichmann@gmail.com;79033 Simonis Summit, Clintfort, OH 04954
Brendan Beier;957-4044;bkemmer@gmail.com;4774 Kobe Streets, East Dolly, ME 91757
Arturo Predovic;394-6316;sarina.moen@hotmail.com;8213 Wehner Circle Suite 840, Westchester, DE 55396-8533
Leopoldo Grant;016-5233;louvenia.haag@yahoo.com;222 Bernhard Plains, East Ruthfort, OR 74961-0609
Johann Powlowski;133-1358;cordia.kihn@yahoo.com;209 Eugene Port Suite 315, North Lionel, PR 40067
Johann Hills;576-9225;leannon.daren@yahoo.com;576 Lawrence Place, New Skylarville, TX 45298-8635
Porter Gibson;990-2336;anabelle.mueller@gmail.com;61290 Abdullah Squares, East Melisa, LA 09889
Evelyn Schaden;220-6212;russel.hermina@gmail.com;4437 Hipolito Shore Apt. 542, North Johathan, WV 44722-2038
Torey Kuhlman;618-0742;goyette.joanny@yahoo.com;20062 Mathilde Ferry Suite 351, Eloyland, DE 86187-3224
Hassie Bartoletti;918-9886;luettgen.vincenzo@gmail.com;34676 Kshlerin River, Port Kimberlystad, ME 72852
Kiel Gorczany;098-0686;echamplin@yahoo.com;54263 Willms Inlet Apt. 531, Jewessstad, VA 86458-2503
Lenora Considine;950-8470;kelton.kuvalis@yahoo.com;91652 Lance Haven, West Gaston, ME 49209-3653
Minnie Monahan;071-1997;rempel.arely@yahoo.com;99881 Lorenz Extension, New Elijahside, NM 50595
Alexie Morar;077-9310;ostoltenberg@gmail.com;9545 Thompson Meadow Suite 930, West Agnesburgh, ME 08601-5749
